z[1]=8.838642	
{0, 8.838642},
zero=0.000000
z[3]=8.831483	
{0.125000, 8.831483},
zero=0.000000
z[3]=8.831483	
{0.125000, 8.831483},
zero=0.000000
z[4]=8.850914	
{0.187500, 8.850914},
zero=0.000000
z[5]=8.877710	
{0.250000, 8.877710},
zero=0.000000
z[6]=8.909302	
{0.312500, 8.909302},
zero=0.000000
z[7]=8.943449	
{0.375000, 8.943449},
zero=0.000000
z[8]=8.978450	
{0.437500, 8.978450},
zero=0.000000
z[9]=9.013010	
{0.500000, 9.013010},
zero=0.000000
z[10]=9.046153	
{0.562500, 9.046153},
zero=0.000000
z[11]=9.077178	
{0.625000, 9.077178},
zero=0.000000
z[12]=9.105627	
{0.687500, 9.105627},
zero=0.000000
z[13]=9.131266	
{0.750000, 9.131266},
zero=0.000000
z[14]=9.154084	
{0.812500, 9.154084},
zero=0.000000
z[15]=9.174286	
{0.875000, 9.174286},
zero=0.000000
z[16]=9.192313	
{0.937500, 9.192313},
zero=0.000000
z[17]=9.208852	
{1.000000, 9.208852},
zero=0.000000
z[18]=9.224869	
{1.062500, 9.224869},
zero=0.000000
z[19]=9.241655	
{1.125000, 9.241655},
zero=0.000000
z[20]=9.260878	
{1.187500, 9.260878},
zero=0.000000
z[21]=9.284666	
{1.250000, 9.284666},
zero=0.000000
z[22]=9.315707	
{1.312500, 9.315707},
zero=0.000000
z[23]=9.357399	
{1.375000, 9.357399},
zero=0.000000
z[24]=9.414056	
{1.437500, 9.414056},
zero=0.000000
z[25]=9.491225	
{1.500000, 9.491225},
zero=0.000000
z[26]=9.596202	
{1.562500, 9.596202},
zero=0.000000
z[27]=9.738961	
{1.625000, 9.738961},
zero=0.000000
z[28]=9.934020	
{1.687500, 9.934020},
zero=0.000000
z[29]=10.204859	
{1.750000, 10.204859},
zero=0.000000
z[30]=10.597028	
{1.812500, 10.597028},
zero=0.000000
z[31]=11.233302	
{1.875000, 11.233302},
zero=0.000000
m=-1.000000	R0=2.000000
result=8.831483	radius=3
