z[1]=8.717018	
{0, 8.717018},
zero=0.000000
z[5]=8.829140	
{0.125000, 8.829140},
zero=0.000000
z[6]=9.090058	
{0.156250, 9.090058},
zero=0.000000
z[7]=9.099644	
{0.187500, 9.099644},
zero=0.000000
z[8]=9.111261	
{0.218750, 9.111261},
zero=0.000000
z[9]=9.124470	
{0.250000, 9.124470},
zero=0.000000
z[10]=9.138902	
{0.281250, 9.138902},
zero=0.000000
z[11]=9.154246	
{0.312500, 9.154246},
zero=0.000000
z[12]=9.170236	
{0.343750, 9.170236},
zero=0.000000
z[13]=9.186641	
{0.375000, 9.186641},
zero=0.000000
z[14]=9.203259	
{0.406250, 9.203259},
zero=0.000000
z[15]=9.219916	
{0.437500, 9.219916},
zero=0.000000
z[16]=9.236460	
{0.468750, 9.236460},
zero=0.000000
z[17]=9.252759	
{0.500000, 9.252759},
zero=0.000000
z[18]=9.268699	
{0.531250, 9.268699},
zero=0.000000
z[19]=9.284184	
{0.562500, 9.284184},
zero=0.000000
z[20]=9.299133	
{0.593750, 9.299133},
zero=0.000000
z[21]=9.313480	
{0.625000, 9.313480},
zero=0.000000
z[22]=9.327177	
{0.656250, 9.327177},
zero=0.000000
z[23]=9.340185	
{0.687500, 9.340185},
zero=0.000000
z[24]=9.352483	
{0.718750, 9.352483},
zero=0.000000
z[25]=9.364061	
{0.750000, 9.364061},
zero=0.000000
z[26]=9.374926	
{0.781250, 9.374926},
zero=0.000000
z[27]=9.385096	
{0.812500, 9.385096},
zero=0.000000
z[28]=9.394605	
{0.843750, 9.394605},
zero=0.000000
z[29]=9.403498	
{0.875000, 9.403498},
zero=0.000000
z[30]=9.411841	
{0.906250, 9.411841},
zero=0.000000
z[31]=9.419709	
{0.937500, 9.419709},
zero=0.000000
z[32]=9.427200	
{0.968750, 9.427200},
zero=0.000000
z[33]=9.434425	
{1.000000, 9.434425},
zero=0.000000
z[34]=9.441515	
{1.031250, 9.441515},
zero=0.000000
z[35]=9.448622	
{1.062500, 9.448622},
zero=0.000000
z[36]=9.455921	
{1.093750, 9.455921},
zero=0.000000
z[37]=9.463607	
{1.125000, 9.463607},
zero=0.000000
z[38]=9.471906	
{1.156250, 9.471906},
zero=0.000000
z[39]=9.481068	
{1.187500, 9.481068},
zero=0.000000
z[40]=9.491379	
{1.218750, 9.491379},
zero=0.000000
z[41]=9.503158	
{1.250000, 9.503158},
zero=0.000000
z[42]=9.516762	
{1.281250, 9.516762},
zero=0.000000
z[43]=9.532594	
{1.312500, 9.532594},
zero=0.000000
z[44]=9.551107	
{1.343750, 9.551107},
zero=0.000000
z[45]=9.572808	
{1.375000, 9.572808},
zero=0.000000
z[46]=9.598270	
{1.406250, 9.598270},
zero=0.000000
z[47]=9.628142	
{1.437500, 9.628142},
zero=0.000000
z[48]=9.663160	
{1.468750, 9.663160},
zero=0.000000
z[49]=9.704166	
{1.500000, 9.704166},
zero=0.000000
z[50]=9.752128	
{1.531250, 9.752128},
zero=0.000000
z[51]=9.808174	
{1.562500, 9.808174},
zero=0.000000
z[52]=9.873632	
{1.593750, 9.873632},
zero=0.000000
z[53]=9.950090	
{1.625000, 9.950090},
zero=0.000000
z[54]=10.039494	
{1.656250, 10.039494},
zero=0.000000
z[55]=10.144281	
{1.687500, 10.144281},
zero=0.000000
z[56]=10.267620	
{1.718750, 10.267620},
zero=0.000000
z[57]=10.413804	
{1.750000, 10.413804},
zero=0.000000
z[58]=10.589004	
{1.781250, 10.589004},
zero=0.000000
z[59]=10.802821	
{1.812500, 10.802821},
zero=0.000000
z[60]=11.072036	
{1.843750, 11.072036},
zero=0.000000
z[61]=11.432127	
{1.875000, 11.432127},
zero=0.000000
z[62]=11.989996	
{1.906250, 11.989996},
zero=0.000000
m=-1.000000	R0=2.000000
result=8.717018	radius=1

Not very consistent with “rescaled” case.
