z[1]=11.016932	
{0, 11.016932},
zero=0.000000
z[3]=11.219698	
{0.062500, 11.219698},
zero=0.000000
z[4]=11.025814	
{0.093750, 11.025814},
zero=0.000000
z[5]=11.042424	
{0.125000, 11.042424},
zero=0.000000
z[6]=11.062984	
{0.156250, 11.062984},
zero=0.000000
z[7]=11.086584	
{0.187500, 11.086584},
zero=0.000000
z[8]=11.112541	
{0.218750, 11.112541},
zero=0.000000
z[9]=11.140322	
{0.250000, 11.140322},
zero=0.000000
z[10]=11.169498	
{0.281250, 11.169498},
zero=0.000000
z[11]=11.199717	
{0.312500, 11.199717},
zero=0.000000
z[12]=11.230682	
{0.343750, 11.230682},
zero=0.000000
z[13]=11.262141	
{0.375000, 11.262141},
zero=0.000000
z[14]=11.293875	
{0.406250, 11.293875},
zero=0.000000
z[15]=11.325699	
{0.437500, 11.325699},
zero=0.000000
z[16]=11.357450	
{0.468750, 11.357450},
zero=0.000000
z[17]=11.388988	
{0.500000, 11.388988},
zero=0.000000
z[18]=11.420195	
{0.531250, 11.420195},
zero=0.000000
z[19]=11.450968	
{0.562500, 11.450968},
zero=0.000000
z[20]=11.481226	
{0.593750, 11.481226},
zero=0.000000
z[21]=11.510898	
{0.625000, 11.510898},
zero=0.000000
z[22]=11.539934	
{0.656250, 11.539934},
zero=0.000000
z[23]=11.568295	
{0.687500, 11.568295},
zero=0.000000
z[24]=11.595957	
{0.718750, 11.595957},
zero=0.000000
z[25]=11.622913	
{0.750000, 11.622913},
zero=0.000000
z[26]=11.649166	
{0.781250, 11.649166},
zero=0.000000
z[27]=11.674736	
{0.812500, 11.674736},
zero=0.000000
z[28]=11.699655	
{0.843750, 11.699655},
zero=0.000000
z[29]=11.723972	
{0.875000, 11.723972},
zero=0.000000
z[30]=11.747750	
{0.906250, 11.747750},
zero=0.000000
z[31]=11.771068	
{0.937500, 11.771068},
zero=0.000000
z[32]=11.794022	
{0.968750, 11.794022},
zero=0.000000
z[33]=11.816724	
{1.000000, 11.816724},
zero=0.000000
z[34]=11.839307	
{1.031250, 11.839307},
zero=0.000000
z[35]=11.861923	
{1.062500, 11.861923},
zero=0.000000
z[36]=11.884746	
{1.093750, 11.884746},
zero=0.000000
z[37]=11.907974	
{1.125000, 11.907974},
zero=0.000000
z[38]=11.931830	
{1.156250, 11.931830},
zero=0.000000
z[39]=11.956565	
{1.187500, 11.956565},
zero=0.000000
z[40]=11.982463	
{1.218750, 11.982463},
zero=0.000000
z[41]=12.009840	
{1.250000, 12.009840},
zero=0.000000
z[42]=12.039053	
{1.281250, 12.039053},
zero=0.000000
z[43]=12.070498	
{1.312500, 12.070498},
zero=0.000000
z[44]=12.104621	
{1.343750, 12.104621},
zero=0.000000
z[45]=12.141924	
{1.375000, 12.141924},
zero=0.000000
z[46]=12.182966	
{1.406250, 12.182966},
zero=0.000000
z[47]=12.228383	
{1.437500, 12.228383},
zero=0.000000
z[48]=12.278890	
{1.468750, 12.278890},
zero=0.000000
z[49]=12.335303	
{1.500000, 12.335303},
zero=0.000000
z[50]=12.398554	
{1.531250, 12.398554},
zero=0.000000
z[51]=12.469723	
{1.562500, 12.469723},
zero=0.000000
z[52]=12.550071	
{1.593750, 12.550071},
zero=0.000000
z[53]=12.641091	
{1.625000, 12.641091},
zero=0.000000
z[54]=12.744589	
{1.656250, 12.744589},
zero=0.000000
z[55]=12.862790	
{1.687500, 12.862790},
zero=0.000000
z[56]=12.998524	
{1.718750, 12.998524},
zero=0.000000
z[57]=13.155509	
{1.750000, 13.155509},
zero=0.000000
z[58]=13.338855	
{1.781250, 13.338855},
zero=0.000000
z[59]=13.555999	
{1.812500, 13.555999},
zero=0.000000
z[60]=13.818616	
{1.843750, 13.818616},
zero=0.000000
z[61]=14.147127	
{1.875000, 14.147127},
zero=0.000000
z[62]=14.583972	
{1.906250, 14.583972},
zero=0.000000
z[63]=15.248522	
{1.937500, 15.248522},
zero=0.000000

Point defect