z[1]=8.717018	
{0, 8.717018},
zero=0.000000
z[5]=8.708661	
{0.125000, 8.708661},
zero=0.000000
z[5]=8.708661	
{0.125000, 8.708661},
zero=0.000000
z[6]=8.715702	
{0.156250, 8.715702},
zero=0.000000
z[7]=8.725289	
{0.187500, 8.725289},
zero=0.000000
z[8]=8.736907	
{0.218750, 8.736907},
zero=0.000000
z[9]=8.750116	
{0.250000, 8.750116},
zero=0.000000
z[10]=8.764550	
{0.281250, 8.764550},
zero=0.000000
z[11]=8.779897	
{0.312500, 8.779897},
zero=0.000000
z[12]=8.795889	
{0.343750, 8.795889},
zero=0.000000
z[13]=8.812296	
{0.375000, 8.812296},
zero=0.000000
z[14]=8.828918	
{0.406250, 8.828918},
zero=0.000000
z[15]=8.845580	
{0.437500, 8.845580},
zero=0.000000
z[16]=8.862128	
{0.468750, 8.862128},
zero=0.000000
z[17]=8.878433	
{0.500000, 8.878433},
zero=0.000000
z[18]=8.894379	
{0.531250, 8.894379},
zero=0.000000
z[19]=8.909870	
{0.562500, 8.909870},
zero=0.000000
z[20]=8.924827	
{0.593750, 8.924827},
zero=0.000000
z[21]=8.939184	
{0.625000, 8.939184},
zero=0.000000
z[22]=8.952891	
{0.656250, 8.952891},
zero=0.000000
z[23]=8.965911	
{0.687500, 8.965911},
zero=0.000000
z[24]=8.978222	
{0.718750, 8.978222},
zero=0.000000
z[25]=8.989815	
{0.750000, 8.989815},
zero=0.000000
z[26]=9.000697	
{0.781250, 9.000697},
zero=0.000000
z[27]=9.010886	
{0.812500, 9.010886},
zero=0.000000
z[28]=9.020414	
{0.843750, 9.020414},
zero=0.000000
z[29]=9.029331	
{0.875000, 9.029331},
zero=0.000000
z[30]=9.037700	
{0.906250, 9.037700},
zero=0.000000
z[31]=9.045597	
{0.937500, 9.045597},
zero=0.000000
z[32]=9.053120	
{0.968750, 9.053120},
zero=0.000000
z[33]=9.060380	
{1.000000, 9.060380},
zero=0.000000
z[34]=9.067509	
{1.031250, 9.067509},
zero=0.000000
z[35]=9.074660	
{1.062500, 9.074660},
zero=0.000000
z[36]=9.082005	
{1.093750, 9.082005},
zero=0.000000
z[37]=9.089744	
{1.125000, 9.089744},
zero=0.000000
z[38]=9.098100	
{1.156250, 9.098100},
zero=0.000000
z[39]=9.107326	
{1.187500, 9.107326},
zero=0.000000
z[40]=9.117706	
{1.218750, 9.117706},
zero=0.000000
z[41]=9.129559	
{1.250000, 9.129559},
zero=0.000000
z[42]=9.143244	
{1.281250, 9.143244},
zero=0.000000
z[43]=9.159165	
{1.312500, 9.159165},
zero=0.000000
z[44]=9.177772	
{1.343750, 9.177772},
zero=0.000000
z[45]=9.199575	
{1.375000, 9.199575},
zero=0.000000
z[46]=9.225147	
{1.406250, 9.225147},
zero=0.000000
z[47]=9.255136	
{1.437500, 9.255136},
zero=0.000000
z[48]=9.290278	
{1.468750, 9.290278},
zero=0.000000
z[49]=9.331415	
{1.500000, 9.331415},
zero=0.000000
z[50]=9.379514	
{1.531250, 9.379514},
zero=0.000000
z[51]=9.435703	
{1.562500, 9.435703},
zero=0.000000
z[52]=9.501309	
{1.593750, 9.501309},
zero=0.000000
z[53]=9.577919	
{1.625000, 9.577919},
zero=0.000000
z[54]=9.667477	
{1.656250, 9.667477},
zero=0.000000
z[55]=9.772420	
{1.687500, 9.772420},
zero=0.000000
z[56]=9.895912	
{1.718750, 9.895912},
zero=0.000000
z[57]=10.042246	
{1.750000, 10.042246},
zero=0.000000
z[58]=10.217591	
{1.781250, 10.217591},
zero=0.000000
z[59]=10.431544	
{1.812500, 10.431544},
zero=0.000000
z[60]=10.700883	
{1.843750, 10.700883},
zero=0.000000
z[61]=11.061083	
{1.875000, 11.061083},
zero=0.000000
z[62]=11.619044	
{1.906250, 11.619044},
zero=0.000000
m=-1.000000	R0=2.000000
result=8.708661	radius=5

Consistent with “rescaled” case, but there is error.
