z[1]=4.604541	
{0, 4.604541},
zero=0.000000
z[3]=4.595222	
{0.062500, 4.595222},
zero=0.000000
z[4]=4.600037	
{0.093750, 4.600037},
zero=0.000000
z[5]=4.608802	
{0.125000, 4.608802},
zero=0.000000
z[6]=4.620651	
{0.156250, 4.620651},
zero=0.000000
z[7]=4.635038	
{0.187500, 4.635038},
zero=0.000000
z[8]=4.651601	
{0.218750, 4.651601},
zero=0.000000
z[9]=4.670079	
{0.250000, 4.670079},
zero=0.000000
z[10]=4.690271	
{0.281250, 4.690271},
zero=0.000000
z[11]=4.712022	
{0.312500, 4.712022},
zero=0.000000
z[12]=4.735205	
{0.343750, 4.735205},
zero=0.000000
z[13]=4.759720	
{0.375000, 4.759720},
zero=0.000000
z[14]=4.785490	
{0.406250, 4.785490},
zero=0.000000
z[15]=4.812469	
{0.437500, 4.812469},
zero=0.000000
z[16]=4.840645	
{0.468750, 4.840645},
zero=0.000000
z[17]=4.870049	
{0.500000, 4.870049},
zero=0.000000
z[18]=4.900772	
{0.531250, 4.900772},
zero=0.000000
z[19]=4.932971	
{0.562500, 4.932971},
zero=0.000000
z[20]=4.966891	
{0.593750, 4.966891},
zero=0.000000
z[21]=5.002877	
{0.625000, 5.002877},
zero=0.000000
z[22]=5.041402	
{0.656250, 5.041402},
zero=0.000000
z[23]=5.083098	
{0.687500, 5.083098},
zero=0.000000
z[24]=5.128812	
{0.718750, 5.128812},
zero=0.000000
z[25]=5.179698	
{0.750000, 5.179698},
zero=0.000000
z[26]=5.237376	
{0.781250, 5.237376},
zero=0.000000
z[27]=5.304221	
{0.812500, 5.304221},
zero=0.000000
z[28]=5.383980	
{0.843750, 5.383980},
zero=0.000000
z[29]=5.483216	
{0.875000, 5.483216},
zero=0.000000
z[30]=5.615649	
{0.906250, 5.615649},
zero=0.000000
z[31]=5.820488	
{0.937500, 5.820488},
zero=0.000000
