z[1]=5.404137	
{0, 5.404137},
zero=0.000000
z[3]=5.405383	
{0.062500, 5.405383},
zero=0.000000
z[4]=5.421956	
{0.093750, 5.421956},
zero=0.000000
z[5]=5.445248	
{0.125000, 5.445248},
zero=0.000000
z[6]=5.474318	
{0.156250, 5.474318},
zero=0.000000
z[7]=5.508337	
{0.187500, 5.508337},
zero=0.000000
z[8]=5.546740	
{0.218750, 5.546740},
zero=0.000000
z[9]=5.589143	
{0.250000, 5.589143},
zero=0.000000
z[10]=5.635300	
{0.281250, 5.635300},
zero=0.000000
z[11]=5.685068	
{0.312500, 5.685068},
zero=0.000000
z[12]=5.738391	
{0.343750, 5.738391},
zero=0.000000
z[13]=5.795289	
{0.375000, 5.795289},
zero=0.000000
z[14]=5.855854	
{0.406250, 5.855854},
zero=0.000000
z[15]=5.920246	
{0.437500, 5.920246},
zero=0.000000
z[16]=5.988696	
{0.468750, 5.988696},
zero=0.000000
z[17]=6.061509	
{0.500000, 6.061509},
zero=0.000000
z[18]=6.139073	
{0.531250, 6.139073},
zero=0.000000
z[19]=6.221867	
{0.562500, 6.221867},
zero=0.000000
z[20]=6.310485	
{0.593750, 6.310485},
zero=0.000000
z[21]=6.405654	
{0.625000, 6.405654},
zero=0.000000
z[22]=6.508282	
{0.656250, 6.508282},
zero=0.000000
z[23]=6.619513	
{0.687500, 6.619513},
zero=0.000000
z[24]=6.740824	
{0.718750, 6.740824},
zero=0.000000
z[25]=6.874191	
{0.750000, 6.874191},
zero=0.000000
z[26]=7.022362	
{0.781250, 7.022362},
zero=0.000000
z[27]=7.189386	
{0.812500, 7.189386},
zero=0.000000
z[28]=7.381690	
{0.843750, 7.381690},
zero=0.000000
z[29]=7.610636	
{0.875000, 7.610636},
zero=0.000000
z[30]=7.900093	
{0.906250, 7.900093},
zero=0.000000
z[31]=8.318570	
{0.937500, 8.318570},
zero=0.000000
