bash-3.2$ ./output
33
z[1]=3.469765	
zero=0.000000
z[4]=3.454704	
zero=0.000000
z[4]=3.454704	
zero=0.000000
z[5]=3.455492	
zero=0.000000
z[6]=3.458879	
zero=0.000000
z[7]=3.464541	
zero=0.000000
z[8]=3.472207	
zero=0.000000
z[9]=3.481671	
zero=0.000000
z[10]=3.492766	
zero=0.000000
z[11]=3.505359	
zero=0.000000
z[12]=3.519339	
zero=0.000000
z[13]=3.534616	
zero=0.000000
z[14]=3.551126	
zero=0.000000
z[15]=3.568829	
zero=0.000000
z[16]=3.587721	
zero=0.000000
z[17]=3.607845	
zero=0.000000
z[18]=3.629301	
zero=0.000000
z[19]=3.652259	
zero=0.000000
z[20]=3.676981	
zero=0.000000
z[21]=3.703836	
zero=0.000000
z[22]=3.733328	
zero=0.000000
z[23]=3.766145	
zero=0.000000
z[24]=3.803222	
zero=0.000000
z[25]=3.845876	
zero=0.000000
z[26]=3.896038	
zero=0.000000
z[27]=3.956780	
zero=0.000000
z[28]=4.033630	
zero=0.000000
z[29]=4.139010	
zero=0.000000
z[30]=4.314496	
zero=0.000000
Segmentation fault: 11

33*33
Aspect ratio: 1
K=0.2
Hyperbolic