65
z[1]=8.333682	
zero=0.000003
z[4]=8.378141	
zero=0.000003
z[4]=8.672137	
zero=0.000003
z[5]=8.672159	
zero=0.000003
z[6]=8.674352	
zero=0.000002
z[7]=8.678306	
zero=0.000002
z[8]=8.683663	
zero=0.000002
z[9]=8.690123	
zero=0.000002
z[10]=8.697420	
zero=0.000002
z[11]=8.705315	
zero=0.000002
z[12]=8.713581	
zero=0.000002
z[13]=8.722006	
zero=0.000002
z[14]=8.730390	
zero=0.000002
z[15]=8.738548	
zero=0.000002
z[16]=8.746310	
zero=0.000001
z[17]=8.753529	
zero=0.000001
z[18]=8.760082	
zero=0.000001
z[19]=8.765866	
zero=0.000001
z[20]=8.770803	
zero=0.000001
z[21]=8.774832	
zero=0.000001
z[22]=8.777909	
zero=0.000001
z[23]=8.780003	
zero=0.000001
z[24]=8.781097	
zero=0.000001
z[25]=8.781181	
zero=0.000000
z[26]=8.780254	
zero=0.000000
z[27]=8.778324	
zero=0.000000
z[28]=8.775404	
zero=0.000000
z[29]=8.771513	
zero=0.000000
z[30]=8.766677	
zero=0.000000
z[31]=8.760929	
zero=0.000000
z[32]=8.754308	
zero=0.000000
z[33]=8.746859	
zero=0.000000
z[34]=8.738635	
zero=0.000000
z[35]=8.729700	
zero=0.000000
z[36]=8.720123	
zero=0.000000
z[37]=8.709988	
zero=0.000000
z[38]=8.699390	
zero=0.000000
z[39]=8.688435	
zero=0.000000
z[40]=8.677249	
zero=0.000000
z[41]=8.665975	
zero=0.000000
z[42]=8.654777	
zero=0.000000
z[43]=8.643845	
zero=0.000000
z[44]=8.633399	
zero=0.000000
z[45]=8.623691	
zero=0.000000
z[46]=8.615017	
zero=0.000000
z[47]=8.607721	
zero=0.000000
z[48]=8.602207	
zero=0.000000
z[49]=8.598950	
zero=0.000000
z[50]=8.598514	
zero=0.000000
z[51]=8.601572	
zero=0.000000
z[52]=8.608937	
zero=0.000000
z[53]=8.621604	
zero=0.000000
z[54]=8.640808	
zero=0.000000
z[55]=8.668121	
zero=0.000000
z[56]=8.705594	
zero=0.000000
z[57]=8.756019	
zero=0.000000
z[58]=8.823417	
zero=0.000000
z[59]=8.914071	
zero=0.000000
z[60]=9.039177	
zero=0.000000
z[61]=9.223674	
zero=0.000000
z[62]=9.550285	
zero=0.000000
Segmentation fault: 11

33*65
Aspect ratio: 2.0
K=0.2
Hyperbolic