z[1]=25.821661	
{0, 25.821661},
zero=0.000000
z[3]=25.820405	
{0.125000, 25.820405},
zero=0.000000
z[3]=25.820405	
{0.125000, 25.820405},
zero=0.000000
z[4]=25.844939	
{0.187500, 25.844939},
zero=0.000000
z[5]=25.877197	
{0.250000, 25.877197},
zero=0.000000
z[6]=25.914273	
{0.312500, 25.914273},
zero=0.000000
z[7]=25.953552	
{0.375000, 25.953552},
zero=0.000000
z[8]=25.993004	
{0.437500, 25.993004},
zero=0.000000
z[9]=26.031020	
{0.500000, 26.031020},
zero=0.000000
z[10]=26.066299	
{0.562500, 26.066299},
zero=0.000000
z[11]=26.097777	
{0.625000, 26.097777},
zero=0.000000
z[12]=26.124574	
{0.687500, 26.124574},
zero=0.000000
z[13]=26.145965	
{0.750000, 26.145965},
zero=0.000000
z[14]=26.161344	
{0.812500, 26.161344},
zero=0.000000
z[15]=26.170210	
{0.875000, 26.170210},
zero=0.000000
z[16]=26.172144	
{0.937500, 26.172144},
zero=0.000000
z[17]=26.166797	
{1.000000, 26.166797},
zero=0.000000
z[18]=26.153879	
{1.062500, 26.153879},
zero=0.000000
z[19]=26.133147	
{1.125000, 26.133147},
zero=0.000000
z[20]=26.104400	
{1.187500, 26.104400},
zero=0.000000
z[21]=26.067470	
{1.250000, 26.067470},
zero=0.000000
z[22]=26.022218	
{1.312500, 26.022218},
zero=0.000000
z[23]=25.968529	
{1.375000, 25.968529},
zero=0.000000
z[24]=25.906310	
{1.437500, 25.906310},
zero=0.000000
z[25]=25.835487	
{1.500000, 25.835487},
zero=0.000000
z[26]=25.756004	
{1.562500, 25.756004},
zero=0.000000
z[27]=25.667820	
{1.625000, 25.667820},
zero=0.000000
z[28]=25.570913	
{1.687500, 25.570913},
zero=0.000000
z[29]=25.465274	
{1.750000, 25.465274},
zero=0.000000
z[30]=25.350914	
{1.812500, 25.350914},
zero=0.000000
z[31]=25.227861	
{1.875000, 25.227861},
zero=0.000000
z[32]=25.096164	
{1.937500, 25.096164},
zero=0.000000
z[33]=24.955898	
{2.000000, 24.955898},
zero=0.000000
z[34]=24.807164	
{2.062500, 24.807164},
zero=0.000000
z[35]=24.650096	
{2.125000, 24.650096},
zero=0.000000
z[36]=24.484870	
{2.187500, 24.484870},
zero=0.000000
z[37]=24.311705	
{2.250000, 24.311705},
zero=0.000000
z[38]=24.130882	
{2.312500, 24.130882},
zero=0.000000
z[39]=23.942747	
{2.375000, 23.942747},
zero=0.000000
z[40]=23.747731	
{2.437500, 23.747731},
zero=0.000000
z[41]=23.546367	
{2.500000, 23.546367},
zero=0.000000
z[42]=23.339310	
{2.562500, 23.339310},
zero=0.000000
z[43]=23.127365	
{2.625000, 23.127365},
zero=0.000000
z[44]=22.911518	
{2.687500, 22.911518},
zero=0.000000
z[45]=22.692975	
{2.750000, 22.692975},
zero=0.000000
z[46]=22.473209	
{2.812500, 22.473209},
zero=0.000000
z[47]=22.254015	
{2.875000, 22.254015},
zero=0.000000
z[48]=22.037580	
{2.937500, 22.037580},
zero=0.000000
z[49]=21.826562	
{3.000000, 21.826562},
zero=0.000000
z[50]=21.624191	
{3.062500, 21.624191},
zero=0.000000
z[51]=21.434394	
{3.125000, 21.434394},
zero=0.000000
z[52]=21.261934	
{3.187500, 21.261934},
zero=0.000000
z[53]=21.112607	
{3.250000, 21.112607},
zero=0.000000
z[54]=20.993475	
{3.312500, 20.993475},
zero=0.000000
z[55]=20.913188	
{3.375000, 20.913188},
zero=0.000000
z[56]=20.882438	
{3.437500, 20.882438},
zero=0.000000
z[57]=20.914642	
{3.500000, 20.914642},
zero=0.000000
z[58]=21.027072	
{3.562500, 21.027072},
zero=0.000000
z[59]=21.242918	
{3.625000, 21.242918},
zero=0.000000
z[60]=21.595510	
{3.687500, 21.595510},
zero=0.000000
z[61]=22.138386	
{3.750000, 22.138386},
zero=0.000000
z[62]=22.975277	
{3.812500, 22.975277},
zero=0.000000
z[63]=24.387527	
{3.875000, 24.387527},
zero=0.000000
Number of lattices vertically n=17
Number of the lattice spaces the length of the core occupies b=1
Defect type m=-1.000000
Aspect ratio R0=4.000000
Frank constant ratio K=1.000000
Total energy=20.882438
Ring radius=56
